0.12746679782867432
0.11928851902484894
0.10958562046289444
0.14485052227973938
0.10708031803369522
0.10893302410840988
0.1265658140182495
0.0770188495516777
0.08559048175811768
0.11039949953556061
0.11747752875089645
0.09142286330461502
0.07515158504247665
0.10413486510515213
0.09859500080347061
0.13752704858779907
0.07239633053541183
0.08868344128131866
0.17550130188465118
0.10925928503274918
0.08511258661746979
0.11030906438827515
0.07957171648740768
0.13265621662139893
0.10050147026777267
0.12720930576324463
0.10046117752790451
0.11482980102300644
0.09878670424222946
0.0875910222530365
0.09255935251712799
0.07893192023038864
0.10511636734008789
0.10158172249794006
0.11725156009197235
0.11217326670885086
0.11745996028184891
0.10846968740224838
0.09981023520231247
0.11384929716587067
0.12236174196004868
0.12534832954406738
0.1372547745704651
0.1282404363155365
0.11158283054828644
0.11785377562046051
0.13418060541152954
0.0843162089586258
0.0828094556927681
0.10913275182247162
0.12396667897701263
0.08698122948408127
0.07830845564603806
0.1166197806596756
0.14193867146968842
0.09989652782678604
0.12172514200210571
0.08845560997724533
0.11483713239431381
0.10586518794298172
0.14275725185871124
0.09084393829107285
0.11112353205680847
0.09710722416639328
0.1097307950258255
0.10512740910053253
0.08879773318767548
0.1219976469874382
0.0922967866063118
0.09566529095172882
0.16108599305152893
0.10968959331512451
0.10899413377046585
0.09801723808050156
0.11032559722661972
0.09305716305971146
0.10004546493291855
0.10558588802814484
0.10518867522478104
0.1433575600385666
0.09096909314393997
0.07690992951393127
0.1028473824262619
0.09961064904928207
0.07298078387975693
0.1025669276714325
0.13086698949337006
0.1186317428946495
0.11293337494134903
0.10415323823690414
0.14886468648910522
0.11850949376821518
0.1152726411819458
0.07844433188438416
0.11452534794807434
0.13692861795425415
0.0991259291768074
0.09108249843120575
0.10660438984632492
0.08860013633966446
0.11286196112632751
0.1384449005126953
0.09454208612442017
0.11753824353218079
0.1226278766989708
0.09921719133853912
0.08691317588090897
0.06352560967206955
0.08162035793066025
0.1320013701915741
0.09265124052762985
0.09432023018598557
0.10933483392000198
0.07396291196346283
0.10521089285612106
0.08293703943490982
0.13044042885303497
0.1099042072892189
0.11310410499572754
0.16964034736156464
0.11261791735887527
0.07790698111057281
0.08558814972639084
0.14824101328849792
0.07673318684101105
0.11956827342510223
0.11725613474845886
0.12837807834148407
0.09933127462863922
0.12608925998210907
0.17007841169834137
0.10056478530168533
0.10293042659759521
0.1363324522972107
0.114836685359478
0.12668995559215546
0.06977490335702896
0.12060923874378204
0.1054091602563858
0.12407682836055756
0.1171005368232727
0.10182394087314606
0.11300724744796753
0.11252296715974808
0.11941126734018326
0.1260385513305664
0.09552181512117386
0.099489726126194
0.1357589066028595
0.11807431280612946
0.09271020442247391
0.06507784128189087
0.12082360684871674
0.0932009145617485
0.08163989335298538
0.12129370868206024
0.0835290253162384
0.10339169949293137
0.0847383439540863
0.09017779678106308
0.13492260873317719
0.10866210609674454
0.09039749205112457
0.08527690172195435
0.09199997782707214
0.10561597347259521
0.06714494526386261
0.09076037257909775
0.12133879959583282
0.08226566016674042
0.10826411843299866
0.13144423067569733
0.1433243304491043
0.08754345774650574
0.09106698632240295
0.1173352375626564
0.1352200210094452
0.10840117186307907
0.07176470756530762
0.10283347964286804
0.08443766087293625
0.08675727248191833
0.104369156062603
0.11679099500179291
0.12179485708475113
0.11441346257925034
0.13306938111782074
0.1864021122455597
0.0863112211227417
0.11336779594421387
0.1244061067700386
0.09382873773574829
0.09758710116147995
0.09085612744092941
0.11696962267160416
0.10982044786214828
0.0870414450764656
0.11570409685373306
0.10521087795495987
0.09909547120332718
0.12315309047698975
0.11713632941246033
0.13128557801246643
0.1396898776292801
0.07855753600597382
0.09891379624605179
0.09869568049907684
0.08503539115190506
0.10692714154720306
0.1175338476896286
0.1090797409415245
0.09939263015985489
0.11334757506847382
0.11510473489761353
0.0993528887629509
0.09487058967351913
0.12562359869480133
0.1374817043542862
0.11088887602090836
0.13854974508285522
0.12496037781238556
0.08223368227481842
0.12008710205554962
0.08266379684209824
0.07377391308546066
0.13560499250888824
0.11996827274560928
0.10016597807407379
0.10904403775930405
0.08644767850637436
0.11460735648870468
0.12007730454206467
0.0991949737071991
0.10908014327287674
0.14252538979053497
0.11957688629627228
0.1041174829006195
0.09512810409069061
0.13667994737625122
0.10326730459928513
0.10343129932880402
0.1119270771741867
0.10497354716062546
0.15395009517669678
0.10211213678121567
0.12343603372573853
0.11746703088283539
0.1434956192970276
0.11944595724344254
0.09635136276483536
0.12093596905469894
0.10200914740562439
0.06982177495956421
0.10994902998209
0.10895396769046783
0.1198282465338707
0.08633197098970413
0.09482310712337494
0.1041932925581932
0.09533307701349258
0.12014371901750565
0.07603812962770462
0.07869992405176163
0.12395453453063965
0.11263255774974823
0.1034853532910347
0.07792448252439499
0.16817539930343628
0.15368351340293884
0.10114716738462448
0.09534303843975067
0.0922553539276123
0.10545524209737778
0.1410856992006302
0.1038673147559166
0.1223156526684761
0.08904760330915451
0.09658217430114746
0.09201516956090927
0.10726834833621979
0.09902609139680862
0.07393909990787506
0.08808330446481705
0.11242297291755676
0.13154484331607819
0.1257631480693817
0.07536695152521133
0.10982581973075867
0.10571394115686417
0.09476812183856964
0.16929075121879578
0.12645114958286285
0.15104831755161285
0.12485040724277496
0.08422410488128662
0.09881436079740524
0.09000609070062637
0.12310809642076492
0.11402402818202972
0.11467566341161728
0.06846209615468979
0.10664357990026474
0.11556804180145264
0.0964355319738388
0.12244530022144318
0.09403379261493683
0.10638929903507233
0.12946456670761108
0.13092225790023804
0.11516284197568893
0.15045912563800812
0.10874013602733612
0.1469767540693283
0.10604855418205261
0.10679829865694046
0.09551031142473221
0.0691453218460083
0.06480337679386139
0.09037511795759201
0.09728700667619705
0.13690827786922455
0.0930335596203804
0.17874030768871307
0.09800825268030167
0.08899585902690887
0.08833149820566177
0.1065106987953186
0.09223418682813644
0.07724585384130478
0.13924376666545868
0.08319766819477081
0.14514490962028503
0.11054538190364838
0.10630162805318832
0.10940947383642197
0.08257434517145157
0.09642715752124786
0.12406569719314575
0.14175355434417725
0.10266239196062088
0.12954260408878326
0.09698979556560516
0.0836997702717781
0.11923297494649887
0.15746727585792542
0.11980176717042923
0.11383369565010071
0.1216118335723877
0.08752022683620453
0.10506396740674973
0.135291188955307
0.12897461652755737
0.1145048588514328
0.10541105270385742
0.08093477785587311
0.16768814623355865
0.08083019405603409
0.0685974508523941
0.08536963164806366
0.11421994119882584
0.11302869021892548
0.07954081147909164
0.10774528980255127
0.08478756248950958
0.11695536226034164
0.10930443555116653
0.1069677397608757
0.09517913311719894
0.1366758644580841
0.11121256649494171
0.12250407040119171
0.12644676864147186
0.1076473519206047
0.1152152568101883
0.11164060980081558
0.09178754687309265
0.13136661052703857
0.10027951002120972
0.11038517206907272
0.13522963225841522
0.11121035367250443
0.10095652937889099
0.06872206181287766
0.12944059073925018
0.09703126549720764
0.12487758696079254
0.12883606553077698
0.09983521699905396
0.12933841347694397
0.13032303750514984
0.10448817908763885
0.10707658529281616
0.0823657289147377
0.10349839180707932
0.1245623305439949
0.11057772487401962
0.128526970744133
0.09448686987161636
0.12400729209184647
0.09030934423208237
0.07599017024040222
0.09101895242929459
0.0800599753856659
0.09645003080368042
0.13334986567497253
0.10326016694307327
0.10552667826414108
0.11007707566022873
0.10711124539375305
0.08894404768943787
0.13508623838424683
0.16083300113677979
0.11502232402563095
0.1402503103017807
0.16389940679073334
0.10796835273504257
0.1372874230146408
0.11260482668876648
0.11769135296344757
0.07115307450294495
0.09774790704250336
0.11868882179260254
0.08558182418346405
0.12656666338443756
0.06490562856197357
0.0936892107129097
0.09872026741504669
0.15786093473434448
0.09506861865520477
0.09742487967014313
0.08579657971858978
0.09685161709785461
0.07619024068117142
0.10474403202533722
0.10928968340158463
0.06897169351577759
0.10476114600896835
0.11474975198507309
0.08060111850500107
0.12723661959171295
0.11126541346311569
0.1213703602552414
0.13072212040424347
0.13214810192584991
0.1148538887500763
0.09067444503307343
0.09895431995391846
0.11133541166782379
0.084307000041008
0.09676524996757507
0.1010870635509491
0.10101296007633209
0.11079499125480652
0.11729099601507187
0.09505467116832733
0.09203405678272247
0.14552941918373108
0.10420329123735428
0.10428445786237717
0.092320516705513
0.1292157769203186
0.13030017912387848
0.09917561709880829
0.10569453984498978
0.09215285629034042
0.10736982524394989
0.07074243575334549
0.07547669857740402
0.11413391679525375
0.09245700389146805
0.0729854553937912
0.09627266228199005
0.1188242956995964
0.10252422094345093
0.1229437068104744
0.12110104411840439
0.07313285768032074
0.1046045646071434
0.12436996400356293
0.09373363852500916
0.10902301967144012
0.13129360973834991
0.13400554656982422
0.0870470255613327
0.1065407544374466
0.11805728077888489
0.12201332300901413
0.1175505667924881
0.1027439758181572
0.11679752916097641
0.11816421896219254
0.12082862854003906
0.08826541900634766
0.1112760603427887
0.14233790338039398
0.09482114762067795
0.09056703746318817
0.08832377940416336
0.10122537612915039
0.13853538036346436
0.08795782178640366
0.0733834058046341
0.10549885034561157
0.07765016704797745
0.10909979045391083
0.09384001046419144
0.09921512752771378
0.11125245690345764
0.10888012498617172
0.09119880199432373
0.09352455288171768
0.15362834930419922
0.07665915787220001
0.1135789230465889
0.12691883742809296
0.10501973330974579
0.08224102854728699
0.12777848541736603
0.1285592019557953
0.09424823522567749
0.08413772284984589
0.09723867475986481
0.09839604794979095
0.08496050536632538
0.08507167547941208
0.12352713197469711
0.08096498250961304
0.11981966346502304
0.09193414449691772
0.11216951161623001
0.08362173289060593
0.10156312584877014
0.10054464638233185
0.04933420568704605
0.10122215747833252
0.12685158848762512
0.13159483671188354
0.12220654636621475
0.08239322155714035
0.11796296387910843
0.13295936584472656
0.09049326926469803
0.13840098679065704
0.09268973022699356
0.14817480742931366
0.09694992750883102
0.08153519034385681
0.09295980632305145
0.0852382704615593
0.09337740391492844
0.12628807127475739
0.12055963277816772
0.06747879832983017
0.10081355273723602
0.1153932735323906
0.1017245426774025
0.12180502712726593
0.14770908653736115
0.10949156433343887
0.1209673210978508
0.08012320101261139
0.08269015699625015
0.07972496002912521
0.09053090959787369
0.121944360435009
0.14045818150043488
0.10736843198537827
0.0951574444770813
0.10785801708698273
0.1316084861755371
0.08470718562602997
0.12853653728961945
0.09868074208498001
0.08023148775100708
0.12530343234539032
0.1491149216890335
0.057599470019340515
0.06834867596626282
0.1059916540980339
0.1145486980676651
0.13278453052043915
0.12200798839330673
0.07708439230918884
0.11805392056703568
0.08567635715007782
0.1358296424150467
0.09061658382415771
0.11646129190921783
0.11592166870832443
0.11297282576560974
0.10572998970746994
0.0866866186261177
0.1232529878616333
0.10254310071468353
0.10438880324363708
0.09694138914346695
0.10605140775442123
0.08511367440223694
0.09471119195222855
0.1498934030532837
0.08681399375200272
0.06984253227710724
0.16548386216163635
0.1154998317360878
0.09875847399234772
0.12262328714132309
0.1154775619506836
0.086407370865345
0.10440272837877274
0.13844850659370422
0.12256237864494324
0.0984368845820427
0.09496286511421204
0.1201014295220375
0.12482275813817978
0.08005144447088242
0.09352025389671326
0.09051816910505295
0.08413680642843246
0.11189738661050797
0.08141329139471054
0.12773726880550385
0.09356612712144852
0.09240645915269852
0.12623383104801178
0.11852353066205978
0.10066398233175278
0.10863098502159119
0.08608792722225189
0.09903228282928467
0.0927271768450737
0.09179907292127609
0.11562053859233856
0.07977568358182907
0.10844414681196213
0.12034201622009277
0.1123080924153328
0.13311049342155457
0.10799393802881241
0.12437476217746735
0.08000966161489487
0.1215980127453804
0.12129154056310654
0.1065087616443634
0.14400614798069
0.12452603876590729
0.10819634050130844
0.10594632476568222
0.1381891518831253
0.09871223568916321
0.11943031847476959
0.11789555847644806
0.09988399595022202
0.10349730402231216
0.10548719763755798
0.13813219964504242
0.08546123653650284
0.14209479093551636
0.12689216434955597
0.11004580557346344
0.08009230345487595
0.0953635722398758
0.1226443275809288
0.10402996093034744
0.1324436068534851
0.09765823185443878
0.09934040904045105
0.10964557528495789
0.12211163341999054
0.09595844894647598
0.08316639810800552
0.10603979974985123
0.09928809851408005
0.10130567103624344
0.09202180057764053
0.11606995016336441
0.07018102705478668
0.1340925246477127
0.09076746553182602
0.0845998078584671
0.12415914982557297
0.09665550291538239
0.08281420916318893
0.08213262259960175
0.1429356336593628
0.10447941720485687
0.10769104957580566
0.12657591700553894
0.1192103773355484
0.1012095957994461
0.12877383828163147
0.1187787726521492
0.0882226824760437
0.08256571739912033
0.11386682093143463
0.09710133075714111
0.09946420043706894
0.09764459729194641
0.08854926377534866
0.09322671592235565
0.09591643512248993
0.17171838879585266
0.07106513530015945
0.14744101464748383
0.1423514038324356
0.11634719371795654
0.10114261507987976
0.09854298084974289
0.09111890941858292
0.09004641324281693
0.09762843698263168
0.12633557617664337
0.08396507799625397
0.13939523696899414
0.08360660076141357
0.162065789103508
0.10968811810016632
0.1116415336728096
0.10534066706895828
0.10491235554218292
0.09513623267412186
0.11030562967061996
0.11590753495693207
0.14110201597213745
0.11777035146951675
0.14158488810062408
0.13817964494228363
0.11311672627925873
0.12324091047048569
0.0947059690952301
0.1088697612285614
0.10277881473302841
0.10360865294933319
0.12973788380622864
0.08400112390518188
0.08183248341083527
0.13199180364608765
0.07640182226896286
0.11084990203380585
0.1015634536743164
0.10664898157119751
0.09110056608915329
0.12446125596761703
0.07657123357057571
0.09526248276233673
0.1043984517455101
0.09906038641929626
0.1005430519580841
0.10919776558876038
0.10187288373708725
0.11973300576210022
0.1254677027463913
0.08162122964859009
0.13718579709529877
0.08602539449930191
0.11584371328353882
0.08919338136911392
0.09991998225450516
0.08860128372907639
0.09957614541053772
0.10464118421077728
0.09258954226970673
0.07301506400108337
0.11655885726213455
0.07543229311704636
0.08389540016651154
0.08967629820108414
0.10451344400644302
0.10365966707468033
0.09196129441261292
0.1091540977358818
0.12558899819850922
0.08971764892339706
0.06258941441774368
0.08042065799236298
0.1161043792963028
0.10001149028539658
0.10236247628927231
0.10068032890558243
0.08952576667070389
0.12232816964387894
0.08218377828598022
0.08122056722640991
0.0891537219285965
0.09826146066188812
0.09322251379489899
0.11670445650815964
0.10876888036727905
0.10353581607341766
0.09730768948793411
0.1317344605922699
0.1523597091436386
0.10706198960542679
0.0973166823387146
0.11042474955320358
0.10609319061040878
0.09626839309930801
0.15046048164367676
0.11623478680849075
0.10012584179639816
0.12744228541851044
0.08259783685207367
0.10542938858270645
0.08491329848766327
0.10615614801645279
0.08956632763147354
0.11976398527622223
0.10458751022815704
0.08398902416229248
0.08803194761276245
0.07765516638755798
0.08801990747451782
0.07819113880395889
0.08621576428413391
0.1600794643163681
0.14226983487606049
0.10599475353956223
0.10372720658779144
0.10768789798021317
0.09792190045118332
0.130943164229393
0.097737155854702
0.1424420028924942
0.09828636050224304
0.12811893224716187
0.08251555263996124
0.11611995846033096
0.09536631405353546
0.11521553248167038
0.11335461586713791
0.1792091578245163
0.0912063866853714
0.14980022609233856
0.13706280291080475
0.1118374913930893
0.11182843148708344
0.08881960809230804
0.09255760163068771
0.1099519431591034
0.08003401011228561
0.11559967696666718
0.13084128499031067
0.11994561553001404
0.10433988273143768
0.11140228062868118
0.11866653710603714
0.10229134559631348
0.1141899824142456
0.1344141662120819
0.13330426812171936
0.11708888411521912
0.0917101725935936
0.07942362874746323
0.09168244153261185
0.06599508225917816
0.11250189691781998
0.11125791817903519
0.09120785444974899
0.08636540174484253
0.12210794538259506
0.09363414347171783
0.10481695830821991
0.07465630024671555
0.14283131062984467
0.11781405657529831
0.10742661356925964
0.11835818737745285
0.10009294003248215
0.10874459892511368
0.08644802868366241
0.10987739264965057
0.12720729410648346
0.0886579230427742
0.1135883703827858
0.10999350249767303
0.10691040009260178
0.09298276156187057
0.08651922643184662
0.09748586267232895
0.11222731322050095
0.12085772305727005
0.11757661402225494
0.10763706266880035
0.14303679764270782
0.08319689333438873
0.07691043615341187
0.10397092252969742
0.08773268014192581
0.10059960186481476
0.1325734704732895
0.11645418405532837
0.13075309991836548
0.1018945500254631
0.11382701992988586
0.07216116786003113
0.1113225519657135
0.08762916922569275
0.1230182871222496
0.11947035044431686
0.09258072823286057
0.12975488603115082
0.11916040629148483
0.11623591929674149
0.1496676653623581
0.09943149983882904
0.10012267529964447
0.11161542683839798
0.11219938099384308
0.10628321021795273
0.10526952892541885
0.1415085643529892
0.09596013277769089
0.12026254087686539
0.1353980004787445
0.10930418968200684
0.12479028105735779
0.11175575107336044
0.1078122928738594
0.09332823753356934
0.10851390659809113
0.0957377552986145
0.11815966665744781
0.0970131903886795
0.12756821513175964
0.10677562654018402
0.07551309466362
0.10066092759370804
0.08847427368164062
0.09409929066896439
0.12314873933792114
0.09948334842920303
0.06943649053573608
0.10582763701677322
0.09419669210910797
0.10264566540718079
0.08591413497924805
0.08439841121435165
0.12946994602680206
0.07829315215349197
0.10709701478481293
0.13534244894981384
0.11382190883159637
0.10097267478704453
0.14612001180648804
0.09707719087600708
0.07748382538557053
0.10216053575277328
0.10463987290859222
0.10148394107818604
0.08196922391653061
0.10419546812772751
0.09082238376140594
0.09396576136350632
0.08824644982814789
0.10751808434724808
0.08506939560174942
0.10871728509664536
0.13937990367412567
0.12296400964260101
0.123354472219944
0.10097004473209381
0.09537069499492645
0.08819139003753662
0.12186241894960403
0.13453611731529236
0.09062083065509796
0.09873390197753906
0.10962612926959991
0.13284888863563538
0.10478652268648148
0.11417652666568756
0.12016870081424713
0.09007704257965088
0.1047363430261612
0.13851414620876312
0.11160051077604294
0.11563334614038467
0.09840890765190125
0.07764140516519547
0.09291405975818634
0.12260003387928009
0.0919918343424797
0.09172563999891281
0.1060667559504509
0.07139971852302551
0.10769304633140564
0.12110543251037598
0.08924870938062668
0.11952303349971771
0.112930528819561
0.10039309412240982
0.08501945436000824
0.1281183660030365
0.08553283661603928
0.1168317198753357
0.09684626013040543
0.1405826210975647
0.13236209750175476
0.09481961280107498
0.11173161119222641
0.13930785655975342
0.1088779866695404
0.10036251693964005
0.16091974079608917
0.14012037217617035
0.08538717776536942
0.07786870002746582
0.1101224347949028
0.08865823596715927
0.09525009244680405
0.13074646890163422
0.10248831659555435
0.08402848243713379
0.16752074658870697
0.10485164821147919
0.1124364361166954
0.11621586978435516
0.08659909665584564
0.0740533173084259
0.11392901092767715
0.13507570326328278
0.09508608281612396
0.07371486723423004
0.10965325683355331
0.12132943421602249
0.08474969118833542
0.09274161607027054
0.0728205144405365
0.09722520411014557
0.0987347811460495
0.11218929290771484
0.10343246161937714
0.12029719352722168
0.12972478568553925
0.08745219558477402
0.10092121362686157
0.11520803719758987
0.0808672159910202
0.10904774069786072
0.10258211940526962
0.07224441319704056
0.0834096223115921
0.10401502996683121
0.10054522007703781
0.1119629517197609
0.10245832055807114
0.09278804063796997
0.08786837756633759
0.08707379549741745
0.11957687884569168
0.19530779123306274
0.0985470563173294
0.0929473415017128
0.08988339453935623
0.1044790968298912
0.1360735446214676
0.07564692944288254
0.11282435804605484
0.12193696200847626
0.09495722502470016
0.10938780009746552
0.12503376603126526
0.09645674377679825
0.06817127019166946
0.10162275284528732
0.10518136620521545
0.09264931827783585
0.0681518018245697
0.10506338626146317
0.08964570611715317
0.08387738466262817
0.10850842297077179
0.10807015001773834
0.08883585035800934
0.12308157235383987
0.11784879863262177
0.06343380361795425
0.08970431238412857
0.0948290005326271
0.08488921821117401
0.08266245573759079
0.14882943034172058
0.10365473479032516
0.10891813784837723
0.1135205328464508
0.1193612813949585
0.09074817597866058
0.11462052911520004
0.08625441044569016
0.08917313814163208
0.12904196977615356
0.08647036552429199
0.08570946753025055
0.13989892601966858
0.12596677243709564
0.09727509319782257
0.11449041217565536
0.09613511711359024
0.06371545046567917
0.10779543220996857
0.08943923562765121
0.11002513021230698
0.13259464502334595
0.11713571846485138
0.08980944752693176
0.10801775753498077
0.10445524752140045
0.110048808157444
0.09847231209278107
0.0934935063123703
0.13570691645145416
0.10854755342006683
0.09062105417251587
0.1120804026722908
0.1256425827741623
0.1100318506360054
0.11656954139471054
0.10149017721414566
0.11651843786239624
0.099164217710495
0.11667845398187637
0.09990330040454865
0.08044110238552094
0.10171657055616379
0.11753787845373154
0.15093062818050385
0.11774088442325592
0.10129810124635696
0.13132601976394653
0.1494351625442505
0.10682887583971024
0.10701771825551987
0.12515830993652344
0.07476218789815903
0.10962015390396118
0.08437883108854294
0.1015968918800354
0.12464447319507599
0.10501091927289963
0.11816451698541641
0.1388363242149353
0.0927390307188034
0.08888411521911621
0.1262512058019638
0.10891308635473251
0.09909665584564209
0.10919459164142609
0.0872802808880806
0.11958034336566925
0.13104073703289032
0.12281676381826401
0.08460728079080582
0.1116604134440422
0.10626530647277832
0.09385588020086288
0.13175463676452637
0.08755023032426834
0.14167101681232452
0.13614410161972046
0.1143069788813591
0.1057194173336029
0.10958030819892883
0.1026424989104271
0.11040159314870834
0.06287163496017456
0.09747549146413803
0.08290834724903107
0.08671429753303528
0.09466292709112167
0.08362213522195816
0.10021332651376724
0.07225029170513153
0.07700595259666443
0.10458990186452866
0.10891815274953842
0.13180160522460938
0.14401347935199738
0.1539553701877594
0.13621246814727783
0.0785910114645958
0.07399693131446838
0.08792407065629959
0.0868496298789978
0.0804111510515213
0.08947363495826721
0.07992114126682281
0.0798821747303009
0.13677677512168884
0.10297033935785294
0.12839673459529877
0.12582024931907654
0.0916023850440979
0.11559386551380157
0.08823256939649582
0.1059914082288742
0.10430849343538284
0.09218915551900864
0.10456155985593796
0.09414052218198776
0.0753847286105156
0.14359340071678162
0.08316697180271149
0.1341952532529831
0.1275792270898819
0.10327666252851486
0.08193866908550262
0.09464902430772781
0.08742592483758926
0.09970951825380325
0.11297287791967392
0.09622038155794144
0.10809268802404404
0.1181923970580101
0.16018015146255493
0.08498531579971313
0.10040432959794998
0.1203155368566513
0.11212129890918732
0.14868566393852234
0.12826010584831238
0.15302038192749023
0.12721598148345947
0.07256536930799484
0.098747119307518
0.09410873055458069
0.10613716393709183
0.12000975012779236
0.10994284600019455
0.07861848175525665
0.10863032937049866
0.07452260702848434
0.09078053385019302
0.11517713218927383
0.09610465168952942
0.14811760187149048
0.09215862303972244
0.10476979613304138
0.12192509323358536
0.11333244293928146
0.14583349227905273
0.09684824198484421
0.10535723716020584
0.1194620430469513
0.1077432855963707
0.11526238918304443
0.10973391681909561
0.08292736858129501
0.09932781755924225
0.10308165103197098
0.0638873428106308
0.10967636108398438
0.07374940067529678
0.10061206668615341
0.13086144626140594
0.08193932473659515
0.10634920746088028
0.15386322140693665
0.08456117659807205
0.10857576876878738
0.09811656177043915
0.12232442945241928
0.1189209595322609
0.10515624284744263
0.092471644282341
0.1235504001379013
0.10567475855350494
0.12613074481487274
0.12183286994695663
0.10199233144521713
0.1549830436706543
0.1041424348950386
0.10846657305955887
0.10883142054080963
0.11117815226316452
0.10977734625339508
0.09953807294368744
0.10091353952884674
0.1026952937245369
0.10581285506486893
0.09912192821502686
0.12742303311824799
0.07525566220283508
0.09478571265935898
0.0932084172964096
0.0865175798535347
0.09759464859962463
0.07152377814054489
0.12872245907783508
0.08795923739671707
0.07862944155931473
0.16790668666362762
0.10637259483337402
0.10658077150583267
0.07795626670122147
0.11446244269609451
0.10605011135339737
0.09244893491268158
0.06877560913562775
0.08676069974899292
0.11468473821878433
0.1369844228029251
0.11514266580343246
0.09820886701345444
0.07541966438293457
0.1070975661277771
0.12525996565818787
0.07440459728240967
0.10102882981300354
0.09042602777481079
0.10559698194265366
0.13790680468082428
0.13760823011398315
0.10661356151103973
0.11573874950408936
0.09615608304738998
0.10027144849300385
0.10587111860513687
0.12401482462882996
0.08843537420034409
0.11209861189126968
0.13231101632118225
0.08925162255764008
0.1259511560201645
0.11340056359767914
0.12226108461618423
0.09001151472330093
0.1421043872833252
0.14128759503364563
0.10520384460687637
0.11975971609354019
0.13494427502155304
0.10949814319610596
0.08269003033638
0.12536728382110596
0.1061207577586174
0.08159045875072479
0.11209195852279663
0.12709876894950867
0.10669602453708649
0.12571877241134644
0.08258140087127686
0.08559484779834747
0.10381080955266953
0.08081187307834625
0.11269165575504303
0.09457968920469284
0.0739624872803688
0.07237508893013
0.0978192463517189
0.10571231693029404
0.10269838571548462
0.08828143775463104
0.10246511548757553
0.11765541136264801
0.09787225723266602
0.11799786984920502
0.1208631619811058
0.0891241505742073
0.10546394437551498
0.11213245987892151
0.11308592557907104
0.08984164893627167
0.1256394237279892
0.12190534919500351
0.07779350131750107
0.11000089347362518
0.09679731726646423
0.07850330322980881
0.14338771998882294
0.09255726635456085
0.1015494167804718
0.1006961241364479
0.0813387781381607
0.08467300981283188
0.10352694243192673
0.10994445532560349
0.1571359485387802
0.10826261341571808
0.10171335935592651
0.11811788380146027
0.13386429846286774
0.1397981345653534
0.13945254683494568
0.13450168073177338
0.08563952147960663
0.08323876559734344
0.1098564937710762
0.1017480343580246
0.13723814487457275
0.09314558655023575
0.12319672107696533
0.056144651025533676
0.10247357189655304
0.10899318754673004
0.08784182369709015
0.0983249619603157
0.11845206469297409
0.08949289470911026
0.08607924729585648
0.06400337815284729
0.06988941133022308
0.0952211394906044
0.0895618423819542
0.12440316379070282
0.06599684804677963
0.10266271978616714
0.09494969248771667
0.0848303884267807
0.10031985491514206
0.07237139344215393
0.0879429429769516
0.1033441424369812
0.10820335149765015
0.15306824445724487
0.09984755516052246
0.12473602592945099
0.1594851016998291
0.0889999270439148
0.0876547321677208
0.09746497124433517
0.09139300137758255
0.08549913018941879
0.09601226449012756
0.11719628423452377
0.12120578438043594
0.08978013694286346
0.08589664101600647
0.0962313562631607
0.10034089535474777
0.10832260549068451
0.12466032803058624
0.1007639691233635
0.10315974056720734
0.12096376717090607
0.1112201139330864
0.1034429743885994
0.1091393232345581
0.08396550267934799
0.12094101309776306
0.07241151481866837
0.10541923344135284
0.11063779145479202
0.12706099450588226
0.13313569128513336
0.11471664905548096
0.08334194123744965
0.11472942680120468
0.15479916334152222
0.11031480133533478
0.0996360182762146
0.09387233108282089
0.08161401003599167
0.11506330966949463
0.12031223624944687
0.12063603848218918
0.12169963866472244
0.10113417357206345
0.08277853578329086
0.14084766805171967
0.12227881699800491
0.11739398539066315
0.11122752726078033
0.13673703372478485
0.07285036891698837
0.07309345155954361
0.11356692016124725
0.08159046620130539
0.12017740309238434
0.08906050771474838
0.11687348783016205
0.10863934457302094
0.13205023109912872
0.08177322149276733
0.10861776769161224
0.11586899310350418
0.06867899745702744
0.09323054552078247
0.13722942769527435
0.14740663766860962
0.09153606742620468
0.11480431258678436
0.09352148324251175
0.09218709915876389
0.08272234350442886
0.09792940318584442
0.18058310449123383
0.1491951197385788
0.10828964412212372
0.12636905908584595
0.0876297727227211
0.10322169214487076
0.09694233536720276
0.11978767067193985
0.1074434444308281
0.10789372771978378
0.09022688865661621
0.08763594180345535
0.08204103261232376
0.10243331640958786
0.0846593827009201
0.0894707590341568
0.1324889361858368
0.08151595294475555
0.10263845324516296
0.09077249467372894
0.09714040160179138
0.12678773701190948
0.10698027163743973
0.08520336449146271
0.12651154398918152
0.11455626785755157
0.08792166411876678
0.14577829837799072
0.14646436274051666
0.11489016562700272
0.07926070690155029
0.10397817194461823
0.07655004411935806
0.10253554582595825
0.09599179774522781
0.07059221714735031
0.11841515451669693
0.09429460763931274
0.08497826755046844
0.15995875000953674
0.0878148078918457
0.11310873180627823
0.09561040997505188
0.09702792018651962
0.08216666430234909
0.11699390411376953
0.11528288573026657
0.11760202795267105
0.10199444741010666
0.1445702314376831
0.11361802369356155
0.14740553498268127
0.10874327272176743
0.08772283792495728
0.08877808600664139
0.08133184909820557
0.12490702420473099
0.10370242595672607
0.11127161979675293
0.08771131187677383
0.08579274266958237
0.13268877565860748
0.07948087900876999
0.10159561783075333
0.18336789309978485
0.1013440191745758
0.0957057848572731
0.1070995032787323
0.1179354339838028
0.08771070092916489
0.09207259863615036
0.09596246480941772
0.12018658220767975
0.10531359165906906
0.11175154894590378
0.0951719805598259
0.11860482394695282
0.07403308153152466
0.07950695604085922
0.08829976618289948
0.11699198186397552
0.10268502682447433
0.10540100932121277
0.08475525677204132
0.11278030276298523
0.0803721696138382
0.1183217242360115
0.10097970813512802
0.1536937952041626
0.1332939863204956
0.15259891748428345
0.09648482501506805
0.09397687017917633
0.13055193424224854
0.07769018411636353
0.12047348916530609
0.1065460592508316
0.16195519268512726
0.0798201709985733
0.17889456450939178
0.09582823514938354
0.08112923800945282
0.09956599771976471
0.1319635659456253
0.09825221449136734
0.05781049653887749
0.06686737388372421
0.12310349196195602
0.11205258220434189
0.1303185373544693
0.07792023569345474
0.1134103313088417
0.07985737919807434
0.09074786305427551
0.10137002170085907
0.14138630032539368
0.1035265251994133
0.1468946635723114
0.09773042798042297
0.14476878941059113
0.14925187826156616
0.12228523939847946
0.1024463027715683
0.13180236518383026
0.11349887400865555
0.11739743500947952
0.1103546991944313
0.09642082452774048
0.12811236083507538
0.07573860138654709
0.12067651748657227
0.12829412519931793
0.10315197706222534
0.12779077887535095
0.08446767181158066
0.08848238736391068
0.1177922785282135
0.11805567145347595
0.1457962691783905
0.08776362240314484
0.12434521317481995
0.1196545958518982
0.1013166531920433
0.07388853281736374
0.12543825805187225
0.09782733023166656
0.0710902214050293
0.08762424439191818
0.11257354170084
0.1108713448047638
0.11978507786989212
0.10853052139282227
0.11858270317316055
0.1447954773902893
0.09439761191606522
0.10770163685083389
0.07987400144338608
0.10811000317335129
0.10509415715932846
0.09314107149839401
0.10053437203168869
0.09468540549278259
0.10975068062543869
0.08814730495214462
0.10507918149232864
0.11724332720041275
0.11666134744882584
0.09319256246089935
0.13808532059192657
0.11968836933374405
0.09036751836538315
0.13156284391880035
0.08140823990106583
0.11231249570846558
0.10843729227781296
0.0891880914568901
0.0861823707818985
0.07558951526880264
0.12424644082784653
0.15748444199562073
0.11906798928976059
0.10013112425804138
0.10375448316335678
0.09453851729631424
0.11255250871181488
0.123372882604599
0.10847725719213486
0.14004412293434143
0.11216884851455688
0.10947977006435394
0.09870370477437973
0.12442298233509064
0.1218215599656105
0.09949145466089249
0.09727764874696732
0.12578913569450378
0.0715293437242508
0.12219644337892532
0.13334523141384125
0.09627987444400787
0.10177145898342133
0.09214571118354797
0.07417276501655579
0.10678631067276001
0.11803504824638367
0.13277679681777954
0.09512234479188919
0.1432395577430725
0.10027352720499039
0.07664591073989868
0.12050943076610565
0.07288134098052979
0.129281684756279
0.1046387106180191
0.11555982381105423
0.09376887232065201
0.10810914635658264
0.11968196928501129
0.10573338717222214
0.11338984221220016
0.10308090597391129
0.06375156342983246
0.1114456057548523
0.1002553179860115
0.10557886213064194
0.0968116894364357
0.09292265772819519
0.06794403493404388
0.09873822331428528
0.07405462116003036
0.12536084651947021
0.09708477556705475
0.09506053477525711
0.1240910068154335
0.1343003213405609
0.09538561850786209
0.09137610346078873
0.11726908385753632
0.1253645122051239
0.1254258155822754
0.07898956537246704
0.08997537195682526
0.10390942543745041
0.07539461553096771
0.10136746615171432
0.10800717771053314
0.15271709859371185
0.08769956976175308
0.09430819004774094
0.10084566473960876
0.10703784972429276
0.10388772189617157
0.10615400969982147
0.1106879860162735
0.09352216124534607
0.11124713718891144
0.10411687195301056
0.10111531615257263
0.0928720235824585
0.11970427632331848
0.11465080082416534
0.14251044392585754
0.06478666514158249
0.06911951303482056
0.10264533758163452
0.09966523945331573
0.1159108504652977
0.10149314999580383
0.08111176639795303
0.08628656715154648
0.09519108384847641
0.08161810040473938
0.07205639034509659
0.07917172461748123
0.10279600322246552
0.10454589873552322
0.19261056184768677
0.08727511018514633
0.09509286284446716
0.12653660774230957
0.13525670766830444
0.11215337365865707
0.08351552486419678
0.15410995483398438
0.12199994921684265
0.08204058557748795
0.07309529185295105
0.12606586515903473
0.0975131019949913
0.06802121549844742
0.10676473379135132
0.15377576649188995
0.12184437364339828
0.0905826985836029
0.07299724966287613
0.10446108877658844
0.14101551473140717
0.08897038549184799
0.10458455234766006
0.08385106921195984
0.1120460256934166
0.14160038530826569
0.12735065817832947
0.12974299490451813
0.058709289878606796
0.0853169783949852
0.07845116406679153
0.12475944310426712
0.1372913271188736
0.09892334789037704
0.13584673404693604
0.10897980630397797
0.08448708057403564
0.08735638856887817
0.08016666769981384
0.08937766402959824
0.139048233628273
0.09417521953582764
0.09604530781507492
0.1398642659187317
0.11334434151649475
0.13871562480926514
0.08314787596464157
0.06371446698904037
0.09553814679384232
0.09106083959341049
0.10459604859352112
0.07614247500896454
0.11180654913187027
0.07821299135684967
0.07111188769340515
0.08948425948619843
0.14842554926872253
0.09786415100097656
0.13182345032691956
0.12207163125276566
0.15998248755931854
0.1549432873725891
0.15039674937725067
0.11866159737110138
0.09051467478275299
0.12883782386779785
0.11220284551382065
0.0812143012881279
0.09558404982089996
0.1044493019580841
0.11572937667369843
0.09717825055122375
0.11517059803009033
0.07988011091947556
0.07697765529155731
0.16600151360034943
0.07634136080741882
0.10161484777927399
0.10757420212030411
0.08874534070491791
0.09614452719688416
0.08873302489519119
0.13123945891857147
0.1330643892288208
0.08501848578453064
0.09474371373653412
0.078353650867939
0.12416444718837738
0.1307918280363083
0.13146765530109406
0.08924441039562225
0.08453651517629623
0.10951007157564163
0.143199160695076
0.09467265754938126
0.12713055312633514
0.12036680430173874
0.12326348572969437
0.12741711735725403
0.09786916524171829
0.10246575623750687
0.11442957073450089
0.09231529384851456
0.136633038520813
0.11836734414100647
0.10971333086490631
0.12514327466487885
0.12061598896980286
0.08604727685451508
0.08989035338163376
0.10762270539999008
0.09639591723680496
0.10714353621006012
0.11769040673971176
0.1295062005519867
0.07948560267686844
0.09299243241548538
0.09490332752466202
0.09390856325626373
0.13486824929714203
0.13080473244190216
0.1357582062482834
0.07907027006149292
0.10072991251945496
0.09621591866016388
0.08708787709474564
0.06879717111587524
0.09019440412521362
0.09378999471664429
0.08935418725013733
0.10349956154823303
0.11208247393369675
0.10486758500337601
0.18243791162967682
0.12414014339447021
0.16191348433494568
0.10271658003330231
0.12778954207897186
0.09954918920993805
0.10410485416650772
0.09844433516263962
0.12727804481983185
0.12913914024829865
0.10365134477615356
0.0954357236623764
0.07265613973140717
0.09041783958673477
0.08346083015203476
0.14653915166854858
0.05841882526874542
0.135530024766922
0.07148648053407669
0.09847556054592133
0.10534559935331345
0.12260861694812775
0.06127389147877693
0.11959289014339447
0.11693721264600754
0.08130326122045517
0.1246853917837143
0.09969305992126465
0.10677597671747208
0.11288426071405411
0.11374165117740631
0.14128439128398895
0.1359558254480362
0.07862300425767899
0.1421961933374405
0.07975814491510391
0.08296306431293488
0.09626536071300507
0.08848370611667633
0.12329769879579544
0.089495949447155
0.14148864150047302
0.09330599009990692
0.10285385698080063
0.09381470084190369
0.08794531226158142
0.12020642310380936
0.12593303620815277
0.1371169090270996
0.11919581890106201
0.10580617934465408
0.12085998058319092
0.1413346230983734
0.10231625288724899
0.15725035965442657
0.13607338070869446
0.061030298471450806
0.09025878459215164
0.11461862921714783
0.0995597168803215
0.11019672453403473
0.12435402721166611
0.07028258591890335
0.07906369119882584
0.08920611441135406
0.16514699161052704
0.07797152549028397
0.08512575924396515
0.13259851932525635
0.0847022607922554
0.10182205587625504
0.13209977746009827
0.10534998029470444
0.14405103027820587
0.1000654324889183
0.1643647700548172
0.08267135173082352
0.1276651918888092
0.10330028086900711
0.11434286087751389
0.10428884625434875
0.09469939023256302
0.11039581894874573
0.10994833707809448
0.10169550776481628
0.13737288117408752
0.12874308228492737
0.08470515161752701
0.08946391195058823
0.12127112597227097
0.0951070636510849
0.12520207464694977
0.09387551248073578
0.08109472692012787
0.09734374284744263
0.1657017320394516
0.11941098421812057
0.10090619325637817
0.11177249997854233
0.09102751314640045
0.1305181086063385
0.1053195521235466
0.13371634483337402
0.10201478749513626
0.08330266177654266
0.11945096403360367
0.09930068254470825
0.10944811254739761
0.14173828065395355
0.1167931854724884
0.11132518947124481
0.11375481635332108
0.09858912974596024
0.11996883153915405
0.09415151923894882
0.10214146971702576
0.12278946489095688
0.07214787602424622
0.12191669642925262
0.12248878180980682
0.11747107654809952
0.10040439665317535
0.08750073611736298
0.14151622354984283
0.0956149622797966
0.1447746604681015
0.12435677647590637
0.10679741948843002
0.09322997182607651
0.11731420457363129
0.08906292915344238
0.09410294890403748
0.09117347747087479
0.14967955648899078
0.10826750099658966
0.1131146252155304
0.08755479753017426
0.11299780011177063
0.15146921575069427
0.07915181666612625
0.0886836051940918
0.12030423432588577
0.10259653627872467
0.11090617626905441
0.10149843245744705
0.09115494042634964
0.08951777219772339
0.09618696570396423
0.08718319237232208
0.079454705119133
0.11299282312393188
0.10918565839529037
0.0686059445142746
0.160749614238739
0.12014131993055344
0.08748899400234222
0.10266295820474625
0.0956578254699707
0.11299819499254227
0.14131928980350494
0.07752334326505661
0.139201819896698
0.11014027893543243
0.11243811249732971
0.1070069819688797
0.09198489785194397
0.09232277423143387
0.10506930947303772
0.11931223422288895
0.11513561755418777
0.08431732654571533
0.10843439400196075
0.10773926228284836
0.10653092712163925
0.14653755724430084
0.09402227401733398
0.1650463491678238
0.14449524879455566
0.09658650308847427
0.13545039296150208
0.15773460268974304
0.10019256174564362
0.08724632114171982
0.09037375450134277
0.11157406866550446
0.09473532438278198
0.08861721307039261
0.09656865894794464
0.1156822070479393
0.07465261965990067
0.14103318750858307
0.0757172480225563
0.1480763852596283
0.10448385030031204
0.09361816942691803
0.08828692138195038
0.10438846051692963
0.14820429682731628
0.12708251178264618
0.1040625050663948
0.08369942009449005
0.1335388571023941
0.12322694063186646
0.07439710944890976
0.07859383523464203
0.10650600492954254
0.09406854957342148
0.13517026603221893
0.11122742295265198
0.10629479587078094
0.09294898062944412
0.08003082126379013
0.09565792977809906
0.08364372700452805
0.12507250905036926
0.11461414396762848
0.1258578598499298
0.07547418773174286
0.0785062164068222
0.14481070637702942
0.13372915983200073
0.15337219834327698
0.09064609557390213
0.08401793241500854
0.12830418348312378
0.07889455556869507
0.08167558163404465
0.09003701061010361
0.12549644708633423
0.10537486523389816
0.08429457992315292
0.07883947342634201
0.1115734726190567
0.11842823028564453
0.12382452189922333
0.09191450476646423
0.13192445039749146
0.0966961607336998
0.12342812865972519
0.13451822102069855
0.11563397943973541
0.128923237323761
0.10272090882062912
0.12513239681720734
0.09850537031888962
0.10251928120851517
0.11732169985771179
0.11154064536094666
0.14103198051452637
0.1472039371728897
0.09278548508882523
0.10152924060821533
0.14723756909370422
0.13295839726924896
0.12248579412698746
0.16243615746498108
0.12406161427497864
0.10503143072128296
0.11305863410234451
0.09054726362228394
0.10032343864440918
0.1060844212770462
0.08227737993001938
0.09146293997764587
0.0776711255311966
0.10286037623882294
0.09035724401473999
0.09378906339406967
0.11045359820127487
0.07815475016832352
0.10116144269704819
0.09810680150985718
0.13207043707370758
0.12360948324203491
0.10054800659418106
0.09370032697916031
0.11330295354127884
0.12958836555480957
0.11307194828987122
0.07913865894079208
0.12137773633003235
0.09711271524429321
0.09124010056257248
0.1659521609544754
0.08677221089601517
0.0682428628206253
0.09788346290588379
0.07996143400669098
0.17267154157161713
0.09446192532777786
0.09797020256519318
0.09025698155164719
0.11860118806362152
0.11674219369888306
0.11512614786624908
0.10514573752880096
0.10154081135988235
0.09601131081581116
0.15529204905033112
0.14420674741268158
0.09858323633670807
0.12342949211597443
0.10527632385492325
0.11916042119264603
0.07683998346328735
0.10942040383815765
0.09537649899721146
0.06877070665359497
0.08029870688915253
0.09547408670186996
0.11999904364347458
0.09128941595554352
0.08504646271467209
0.14866866171360016
0.1453912854194641
0.12871277332305908
0.10740373283624649
0.08084544539451599
0.15444296598434448
0.1284562051296234
0.11464934051036835
0.12360347807407379
0.12473172694444656
0.14124424755573273
0.09226592630147934
0.07757776975631714
0.1668825000524521
0.0929383859038353
0.09606143832206726
0.06747452169656754
0.10394386202096939
0.10051348805427551
0.09007217735052109
0.08345068991184235
0.08844085037708282
0.171096533536911
0.11567416042089462
0.14385807514190674
0.09960225969552994
0.1255735605955124
0.10896334052085876
0.12863388657569885
0.10709892958402634
0.10730403661727905
0.09399139881134033
0.1126365214586258
0.11732903867959976
0.0949983075261116
0.10009367763996124
0.0708780586719513
0.10279564559459686
0.09720586240291595
0.11373404413461685
0.08410770446062088
0.08006588369607925
0.12676315009593964
0.1178135797381401
0.10859908163547516
0.11465730518102646
0.10434950143098831
0.12012294679880142
0.101678267121315
0.12466876208782196
0.13623352348804474
0.11181165277957916
0.11745905131101608
0.0958556979894638
0.115459144115448
0.08407389372587204
0.10489332675933838
0.10866547375917435
0.08730298280715942
0.08485481142997742
0.10653942823410034
0.12333725392818451
0.08971758186817169
0.09677806496620178
0.11130985617637634
0.12835675477981567
0.10311781615018845
0.1300622522830963
0.10859812051057816
0.12105067819356918
0.09708801656961441
0.08735214173793793
0.10076998919248581
0.11343582719564438
0.11098910123109818
0.09391540288925171
0.1380978375673294
0.08024732768535614
0.09650325030088425
0.11947315186262131
0.08433402329683304
0.07611090689897537
0.09551852941513062
0.12091973423957825
0.08627774566411972
0.12387453764677048
0.08538782596588135
0.07885800302028656
0.13950616121292114
0.11759085953235626
0.10859885066747665
0.08089379966259003
0.1396915316581726
0.10713482648134232
0.11135932058095932
0.11774210631847382
0.08920235186815262
0.10496966540813446
0.15307684242725372
0.1240762248635292
0.076154425740242
0.1093030571937561
0.09952548891305923
0.13145676255226135
0.12534348666667938
0.12326505780220032
0.08794775605201721
0.09359084814786911
0.1236044391989708
0.12758412957191467
0.11002855747938156
0.10168705880641937
0.11426568776369095
0.11195432394742966
0.08384508639574051
0.09385713934898376
0.0851864144206047
0.09016453474760056
0.09222972393035889
0.07930696755647659
0.1375238299369812
0.08088018745183945
0.08884923160076141
0.09932081401348114
0.08919123560190201
0.10944932699203491
0.14503566920757294
0.1289760172367096
0.09161334484815598
0.10530856251716614
0.09497162699699402
0.12610363960266113
0.112409807741642
0.1139926165342331
0.07708318531513214
0.07908055931329727
0.10724098235368729
0.08592440187931061
0.0996839851140976
0.12309791892766953
0.1067059189081192
0.12270607799291611
0.07792455703020096
0.10219880193471909
0.09153328090906143
0.11847072839736938
0.10422870516777039
0.11764782667160034
0.11559701710939407
0.11811723560094833
0.13034653663635254
0.09052084386348724
0.10888589918613434
0.12145005166530609
0.13179408013820648
0.1036214679479599
0.13640019297599792
0.08669351786375046
0.13571567833423615
0.13478192687034607
0.11642879992723465
0.1631644368171692
0.10235222429037094
0.08264103531837463
0.10413859784603119
0.09714777767658234
0.06162765622138977
0.10935118794441223
0.0946587473154068
0.09276710450649261
0.1352566033601761
0.08513839542865753
0.10920756310224533
0.09886787086725235
0.07828059792518616
0.08390910923480988
0.09232848882675171
0.10976821929216385
0.08879031240940094
0.08704963326454163
0.10395867377519608
0.08118090778589249
0.11810416728258133
0.11025653034448624
0.12393469363451004
0.12655264139175415
0.11547809094190598
0.1536722630262375
0.11485916376113892
0.09914092719554901
0.08498627692461014
0.12749606370925903
0.11263614892959595
0.07586419582366943
0.09845384210348129
0.10561149567365646
0.12986765801906586
0.1168796643614769
0.11081097275018692
0.1262689083814621
0.07664314657449722
0.10911651700735092
0.07993242144584656
0.06728237122297287
0.10321474820375443
0.09920760989189148
0.11175214499235153
0.09284355491399765
0.10449177771806717
0.0995199978351593
0.0841134786605835
0.10848511010408401
0.12415574491024017
0.09307707101106644
0.12942197918891907
0.09065458178520203
0.11225149035453796
0.1304524689912796
0.1502261459827423
0.11896204203367233
0.09877961874008179
0.12184270471334457
0.12270019203424454
0.10368487238883972
0.09617909789085388
0.098689004778862
0.13645634055137634
0.09512615203857422
0.09869147837162018
0.12638099491596222
0.0882103443145752
0.10405981540679932
0.11091241985559464
0.1611402928829193
0.08208537101745605
0.08869101107120514
0.12959687411785126
0.10298105329275131
0.13136042654514313
0.10512758046388626
0.12458641827106476
0.07844926416873932
0.13061189651489258
0.11497338116168976
0.08379082381725311
0.08998892456293106
0.10680310428142548
0.07864537835121155
0.07375969737768173
0.08561301976442337
0.09038399159908295
0.11278717964887619
0.10937172174453735
0.13498777151107788
0.11339714378118515
0.09396447241306305
0.08039552718400955
0.11445970088243484
0.08232865482568741
0.06630082428455353
0.14871007204055786
0.12833057343959808
0.09601598978042603
0.133516326546669
0.10870017111301422
0.08186984807252884
0.06932209432125092
0.10639665275812149
0.11934618651866913
0.10317292809486389
0.10798299312591553
0.10160424560308456
0.08572983741760254
0.07946723699569702
0.07158345729112625
0.08017672598361969
0.09200398623943329
0.11317085474729538
0.13762657344341278
0.07966971397399902
0.07974348217248917
0.11368243396282196
0.10287616401910782
0.1280796229839325
0.10890761762857437
0.11077548563480377
0.10499992966651917
0.09306534379720688
0.10076414793729782
0.09253130853176117
0.09191656112670898
0.12427575141191483
0.1062549352645874
0.1744958907365799
0.12842422723770142
0.08528680354356766
0.08833952993154526
0.09272193908691406
0.0526106059551239
0.10130944848060608
0.12951114773750305
0.1132265105843544
0.1009310707449913
0.12407279014587402
0.11047791689634323
0.13192012906074524
0.08749663829803467
0.14907234907150269
0.09527208656072617
0.10496987402439117
0.1256411075592041
0.10254738479852676
0.09388161450624466
0.15147648751735687
0.0913577750325203
0.14466038346290588
0.08183775842189789
0.1324346512556076
0.10441157221794128
0.10243602842092514
0.10776175558567047
0.0921071246266365
0.07241518050432205
0.11488519608974457
0.09500452131032944
0.08399708569049835
0.16407130658626556
0.1180087998509407
0.07512699067592621
0.11494821310043335
0.07689227908849716
0.10441780835390091
0.10765616595745087
0.08603979647159576
0.11263874918222427
0.10874360054731369
0.16410262882709503
0.13656266033649445
0.09166641533374786
0.1443016231060028
0.08807702362537384
0.12068846821784973
0.14813439548015594
0.08842847496271133
0.10366233438253403
0.08788122981786728
0.08893487602472305
0.09570235759019852
0.11398699879646301
0.11268870532512665
0.08889594674110413
0.12147659063339233
0.12123576551675797
0.0992313027381897
0.1412438601255417
0.12771043181419373
0.07534121721982956
0.12629003822803497
0.1453104168176651
0.157941535115242
0.09869050979614258
0.09457827359437943
0.1100664883852005
0.10877753794193268
0.12056581676006317
0.10943222045898438
0.10264954715967178
0.11922137439250946
0.17662271857261658
0.11217755079269409
0.16370458900928497
0.10383334755897522
0.10239015519618988
0.09466706961393356
0.10991954058408737
0.1007130965590477
0.13003429770469666
0.1172696202993393
0.08871538192033768
0.0916382223367691
0.10206218808889389
0.1172432154417038
0.12102941423654556
0.1250639706850052
0.0819951668381691
0.10793451964855194
0.13624757528305054
0.14043621718883514
0.09321894496679306
0.11067967861890793
0.10340037941932678
0.09955991804599762
0.08986035734415054
0.190439373254776
0.11189404129981995
0.1278187781572342
0.15641765296459198
0.09128388017416
0.10797537118196487
0.10815383493900299
0.11344142258167267
0.07558807730674744
0.09431862831115723
0.09302416443824768
0.15535901486873627
0.09374451637268066
0.14062435925006866
0.10894075036048889
0.14218994975090027
0.09572869539260864
0.11821657419204712
0.10978875309228897
0.1337157040834427
0.09234657138586044
0.10747577995061874
0.0962701141834259
0.10277849435806274
0.08330527693033218
0.12526695430278778
0.09450479596853256
0.09333448112010956
0.10861971974372864
0.0871518924832344
0.1118890568614006
0.11991999298334122
0.12474632263183594
0.09658470004796982
0.16145437955856323
0.12170162796974182
0.11498672515153885
0.1437385529279709
0.11462438851594925
0.11354666203260422
0.09653639793395996
0.11628671735525131
0.09236795455217361
0.10685098171234131
0.09891051799058914
0.14847473800182343
0.08900678902864456
0.14241129159927368
0.12645618617534637
0.09504510462284088
0.1153390109539032
0.112754225730896
0.06606454402208328
0.08184101432561874
0.12289834767580032
0.0814819484949112
0.08161213248968124
0.10805652290582657
0.07733504474163055
0.0959848091006279
0.12364397943019867
0.1129559576511383
0.11631796509027481
0.11494554579257965
0.11022470146417618
0.12262293696403503
0.0979706197977066
0.09425706416368484
0.0844343826174736
0.13328911364078522
0.09804343432188034
0.09778233617544174
0.11992861330509186
0.10735242813825607
0.12448054552078247
0.07821667194366455
0.14845317602157593
0.10325004905462265
0.13232459127902985
0.12662164866924286
0.1154053807258606
0.10775652527809143
0.13815470039844513
0.0978432446718216
0.1055886521935463
0.12557967007160187
0.08776933699846268
0.08876112848520279
0.12992629408836365
0.09603500366210938
0.08922071754932404
0.09365562349557877
0.12262102961540222
0.0813877210021019
0.11108016967773438
0.09868741780519485
0.10625961422920227
0.09591153264045715
0.10187467187643051
0.13006740808486938
0.09666675329208374
0.13696035742759705
0.10495481640100479
0.12528857588768005
0.08345220237970352
0.0947577953338623
0.1273011416196823
0.08655373007059097
0.08008208870887756
0.14079903066158295
0.10053207725286484
0.10675495862960815
0.12050659209489822
0.08812390267848969
0.09422267228364944
0.1140023022890091
0.13117974996566772
0.09740421175956726
0.09300919622182846
0.09963973611593246
0.09142826497554779
0.11327312886714935
0.09640686959028244
0.07022849470376968
0.09895201027393341
0.10890062153339386
0.09021072834730148
0.10802437365055084
0.09142843633890152
0.10368722677230835
0.09758839756250381
0.09725438058376312
0.12405699491500854
0.12378806620836258
0.11371783167123795
0.10576993972063065
0.07453600317239761
0.11484278738498688
0.10333961248397827
0.11904918402433395
0.12979450821876526
0.12804540991783142
0.09119784832000732
0.08938048034906387
0.12799346446990967
0.14421604573726654
0.08734440803527832
0.08181658387184143
0.09252629429101944
0.09296312928199768
0.15400800108909607
0.1368274688720703
0.08284220844507217
0.10913132131099701
0.11563771963119507
0.094451405107975
0.11054502427577972
0.10774607956409454
0.10858717560768127
0.10227783024311066
0.12181856483221054
0.12180041521787643
0.08645916730165482
0.10429993271827698
0.07581408321857452
0.10222761332988739
0.11869966983795166
0.08654658496379852
0.10461973398923874
0.12326712161302567
0.1257443130016327
0.10402031987905502
0.07608662545681
0.12791863083839417
0.0921718180179596
0.10520028322935104
0.12490741163492203
0.0796399712562561
0.08379627019166946
0.12245826423168182
0.10196862369775772
0.09930544346570969
0.07785383611917496
0.10016235709190369
0.10519853979349136
0.12018504738807678
0.12313015013933182
0.09395083785057068
0.08017683029174805
0.16726204752922058
0.09464336186647415
0.09101273119449615
0.07770968228578568
0.12784148752689362
0.11950137466192245
0.08788543939590454
0.08394303917884827
0.10737361758947372
0.09721843898296356
0.12112420052289963
0.09305426478385925
0.14276453852653503
0.08055775612592697
0.13296692073345184
0.0888543576002121
0.12672758102416992
0.10566629469394684
0.0915919691324234
0.09971585124731064
0.11933275312185287
0.11846675723791122
0.06166667863726616
0.12227912992238998
0.08538297563791275
0.10333319753408432
0.10147359222173691
0.11193788796663284
0.11206809431314468
0.13441915810108185
0.09554995596408844
0.08034664392471313
0.08498001843690872
0.14981944859027863
0.09716781228780746
0.08329436182975769
0.11119838058948517
0.10533364117145538
0.09292449057102203
0.09730006754398346
0.12998636066913605
0.10164669156074524
0.07682342827320099
0.09239718317985535
0.10724964737892151
0.17451587319374084
0.11005373299121857
0.11815162003040314
0.11849551647901535
0.11062385141849518
0.1162562295794487
0.1033252477645874
0.11215826869010925
0.10842565447092056
0.08763725310564041
0.10117504745721817
0.11653074622154236
0.12312564998865128
0.11939714848995209
0.08450687676668167
0.10492992401123047
0.07608690857887268
0.14526815712451935
0.0676918551325798
0.10828590393066406
0.10133117437362671
0.10697493702173233
0.12624600529670715
0.10337211936712265
0.08716533333063126
0.11780139803886414
0.11186550557613373
0.11899533122777939
0.09352129697799683
0.1003359779715538
0.14184463024139404
0.1060192883014679
0.09350711107254028
0.09573876112699509
0.08291167765855789
0.11909715086221695
0.1026613712310791
0.09340047091245651
0.10900670289993286
0.11870499700307846
0.118625208735466
0.12162869423627853
0.09857537597417831
0.09838010370731354
0.1360257863998413
0.12027230113744736
0.1234540268778801
0.1376064568758011
0.09453976899385452
0.09337634593248367
0.14555959403514862
0.13290190696716309
0.08009997010231018
0.07873008400201797
0.10918442159891129
0.1025301143527031
0.13130149245262146
0.11366349458694458
0.07654251903295517
0.13770392537117004
0.08037659525871277
0.1280505657196045
0.06628947705030441
0.10055519640445709
0.10310935974121094
0.08415257185697556
0.08765478432178497
0.11868162453174591
0.11289813369512558
0.09008844196796417
0.11331039667129517
0.123846635222435
0.11567340046167374
0.07864716649055481
0.11105707287788391
0.101356141269207
0.11612965166568756
0.0873022973537445
0.10977502912282944
0.11744952946901321
0.0819869413971901
0.1323310136795044
0.08956445008516312
0.09327398985624313
0.13339145481586456
0.1538749635219574
0.0959724634885788
0.12053945660591125
0.11830692738294601
0.1053789034485817
0.10521174967288971
0.1547495573759079
0.11576047539710999
0.09073034673929214
0.10918117314577103
0.15192469954490662
0.09930702298879623
0.12004761397838593
0.12740196287631989
0.16247785091400146
0.13255754113197327
0.11042178422212601
0.0905897319316864
0.09576993435621262
0.0742773711681366
0.15544013679027557
0.08134616911411285
0.0838235467672348
0.07804932445287704
0.1353006660938263
0.11741743236780167
0.1208319440484047
0.11236778646707535
0.08988325297832489
0.09786500781774521
0.1594472974538803
0.11752726137638092
0.1343565285205841
0.10975539684295654
0.10918446630239487
0.07283095270395279
0.11314335465431213
0.15396396815776825
0.11556985974311829
0.12257205694913864
0.09380017220973969
0.13565294444561005
0.13278676569461823
0.0796898677945137
0.09941863268613815
0.10231485962867737
0.11411798000335693
0.11112136393785477
0.09520762413740158
0.10764377564191818
0.09629058837890625
0.09391221404075623
0.1540064960718155
0.14187349379062653
0.06857126951217651
0.11821196228265762
0.0702509954571724
0.07386105507612228
0.08727137744426727
0.09421810507774353
0.07949135452508926
0.10813764482736588
0.0813319981098175
0.10264751315116882
0.1428087204694748
0.09832999855279922
0.06912505626678467
0.09112885594367981
0.11580798029899597
0.1117774024605751
0.10192268341779709
0.1033460721373558
0.12537038326263428
0.0826684981584549
0.06532751768827438
0.12296105921268463
0.13112647831439972
0.10761479288339615
0.11587457358837128
0.13978731632232666
0.1016298308968544
0.10761179774999619
0.08297233283519745
0.13826677203178406
0.10294351726770401
0.09444482624530792
0.1077318862080574
0.15534964203834534
0.0833536759018898
0.11105424910783768
0.12341392785310745
0.08380738645792007
0.10652386397123337
0.09639937430620193
0.12364589422941208
0.10756544768810272
0.08782970160245895
0.15001817047595978
0.10342523455619812
0.14190900325775146
0.1343611478805542
0.12406416982412338
0.06404895335435867
0.10813572257757187
0.11554696410894394
0.11189894378185272
0.12874676287174225
0.10297029465436935
0.094734326004982
0.11087317764759064
0.09636879712343216
0.12556947767734528
0.14782598614692688
0.1311398595571518
0.13875634968280792
0.1015012338757515
0.11496391147375107
0.11061366647481918
0.11707082390785217
0.11186483502388
0.08813522756099701
0.09308768063783646
0.09189127385616302
0.11019723862409592
0.07524871081113815
0.10804209113121033
0.1283731460571289
0.10349119454622269
0.08463975787162781
0.11838763952255249
0.128634974360466
0.13203498721122742
0.12376381456851959
0.10811261087656021
0.09904226660728455
0.08452431112527847
0.08122755587100983
0.11246931552886963
0.13310988247394562
0.10853250324726105
0.11240269988775253
0.1324138194322586
0.13181203603744507
0.11810533702373505
0.08441261202096939
0.1071263924241066
0.11096646636724472
0.1461666375398636
0.08984442055225372
0.10732635855674744
0.10249781608581543
0.11080323904752731
0.07746262848377228
0.13518290221691132
0.10388609766960144
0.09231290221214294
0.08228110522031784
0.09297800809144974
0.09559647738933563
0.09494949877262115
0.1260695606470108
0.1383637934923172
0.07721254974603653
0.09230029582977295
0.07830310612916946
0.08829391747713089
0.11041603237390518
0.10519436001777649
0.08957995474338531
0.07689367234706879
0.10564583539962769
0.11050086468458176
0.11860846728086472
0.12063566595315933
0.11487817764282227
0.13210342824459076
0.10108312219381332
0.13067840039730072
0.10224763303995132
0.11530226469039917
0.1211744174361229
0.10512200742959976
0.0976419746875763
0.11216926574707031
0.16475369036197662
0.1269981861114502
0.10724751651287079
0.14383558928966522
0.09872197359800339
0.12301125377416611
0.09707462787628174
0.12712311744689941
0.10423623025417328
0.09829159080982208
0.09698204696178436
0.09537164866924286
0.0957709476351738
0.07206562906503677
0.06626966595649719
0.08263180404901505
0.10937304049730301
0.09324102848768234
0.14398659765720367
0.12902876734733582
0.16576965153217316
0.11147834360599518
0.09353439509868622
0.11419887840747833
0.11986672878265381
0.07628624886274338
0.08426813036203384
0.07481610029935837
0.08880916237831116
0.13232602179050446
0.13583533465862274
0.1322241574525833
0.10528023540973663
0.07772382348775864
0.11768054217100143
0.12607522308826447
0.09297052770853043
0.11449021100997925
0.11865490674972534
0.07660754770040512
0.09139146655797958
0.11365295946598053
0.14313851296901703
0.09407904744148254
0.08205471187829971
0.09617924690246582
0.10861250758171082
0.09960304200649261
0.11059631407260895
0.11566943675279617
0.10926441848278046
0.0792776569724083
0.11130727082490921
0.1119779720902443
0.12922640144824982
0.094603531062603
0.07667993754148483
0.10494092851877213
0.08711110055446625
0.14391867816448212
0.07970394939184189
0.10441310703754425
0.07659140229225159
0.1023547351360321
0.13670170307159424
0.09728971123695374
0.10805236548185349
0.08916392177343369
0.07072093337774277
0.08901906758546829
0.11292049288749695
0.09996560215950012
0.10586515069007874
0.1092187687754631
0.08975225687026978
0.11727993935346603
0.09886077791452408
0.08089268207550049
0.13064369559288025
0.11842931061983109
0.11298296600580215
0.10119444876909256
0.1380147933959961
0.1265110969543457
0.08251754194498062
0.08354615420103073
0.1143837720155716
0.10824096947908401
0.08207237720489502
0.06305801868438721
0.08093544095754623
0.08808093518018723
0.14769025146961212
0.1505313515663147
0.09414823353290558
0.10330946743488312
0.0896122008562088
0.10611093044281006
0.12098676711320877
0.10890398919582367
0.10906244814395905
0.10242299735546112
0.14162354171276093
0.13109704852104187
0.10556395351886749
0.13605020940303802
0.08478724211454391
0.08827560395002365
0.10456676781177521
0.12079013884067535
0.09990125894546509
0.08754125237464905
0.09121476858854294
0.09621620923280716
0.10175593942403793
0.09120314568281174
0.12824398279190063
0.07186297327280045
0.10133999586105347
0.11199553310871124
0.11553601920604706
0.05934389308094978
0.08622835576534271
0.1155540868639946
0.10814870148897171
0.07990013808012009
0.12297802418470383
0.14752228558063507
0.1268659383058548
0.13430280983448029
0.09718509763479233
0.08588394522666931
0.142361581325531
0.11150892823934555
0.16421175003051758
0.08848565071821213
0.0903024971485138
0.11418436467647552
0.09819184243679047
0.0889931321144104
0.08857682347297668
0.09298679977655411
0.1050955131649971
0.1047726571559906
0.07594330608844757
0.10727677494287491
0.07433533668518066
0.06309673190116882
0.11636658757925034
0.15250279009342194
0.10075253248214722
0.10225624591112137
0.09238269925117493
0.09557688236236572
0.08692324161529541
0.08301731944084167
0.13551022112369537
0.11369471997022629
0.08732779324054718
0.09000882506370544
0.10037165880203247
0.10179232060909271
0.07799861580133438
0.10131925344467163
0.12760303914546967
0.14418990910053253
0.13047373294830322
0.10218733549118042
0.17172224819660187
0.08123243600130081
0.11265682429075241
0.1383787989616394
0.08456938713788986
0.10080021619796753
0.08893945068120956
0.09290574491024017
0.07395827770233154
0.10031341016292572
0.06897316873073578
0.08548424392938614
0.0891583263874054
0.14425018429756165
0.0915759727358818
0.09481538832187653
0.06457546353340149
0.1307869404554367
0.11233378201723099
0.08009219914674759
0.12303557246923447
0.12469277530908585
0.12005586177110672
0.12213363498449326
0.061414748430252075
0.07077933847904205
0.10970215499401093
0.06738002598285675
0.09265531599521637
0.09655560553073883
0.1170816496014595
0.1256377249956131
0.10298334062099457
0.07251735776662827
0.11504781246185303
0.12923969328403473
0.16345202922821045
0.12228169292211533
0.12194418162107468
0.08541041612625122
0.10475081950426102
0.11904702335596085
0.14416992664337158
0.13842085003852844
0.12708044052124023
0.12206488847732544
0.14178472757339478
0.10948535799980164
0.10903935134410858
0.10807745158672333
0.11615011096000671
0.08998730033636093
0.12577791512012482
0.08108311891555786
0.09361620992422104
0.10518665611743927
0.09808862209320068
0.12255151569843292
0.110430508852005
0.1206333339214325
0.10217263549566269
0.11534427106380463
0.11598017811775208
0.1466795951128006
0.10091589391231537
0.09803110361099243
0.10802680999040604
0.08915825933218002
0.08323612809181213
0.07899169623851776
0.10877763479948044
0.0950775071978569
0.11153198778629303
0.09479663521051407
0.11273917555809021
0.09277187287807465
0.10662867873907089
0.10345390439033508
0.10586927086114883
0.14078404009342194
0.16486170887947083
0.08560571074485779
0.16353172063827515
0.11205838620662689
0.09651043266057968
0.12285029888153076
0.07553732395172119
0.08250033110380173
0.10759273916482925
0.08759921044111252
0.06362741440534592
0.09784691035747528
0.08398649096488953
0.13644658029079437
0.12454138696193695
0.09732756018638611
0.10665801167488098
0.08470223844051361
0.10560915619134903
0.12141957879066467
0.08886642009019852
0.10849006474018097
0.13642311096191406
0.07428012788295746
0.21191595494747162
0.09985248744487762
0.10146353393793106
0.0952049270272255
0.076301708817482
0.11043715476989746
0.08456608653068542
0.1364080160856247
0.08299490064382553
0.10066334158182144
0.0969756469130516
0.0806136205792427
0.10357137024402618
0.09469479322433472
0.13269829750061035
0.11935435980558395
0.0875573456287384
0.0961657389998436
0.10664529353380203
0.08509267866611481
0.09841690957546234
0.09825523942708969
0.09493464976549149
0.14537052810192108
0.08698718249797821
0.10484180599451065
0.08793283998966217
0.08951378613710403
0.061551161110401154
0.11463791877031326
0.09566430002450943
0.13032126426696777
0.14165081083774567
0.11853671818971634
0.10404624789953232
0.07160911709070206
0.09673265367746353
0.06559382379055023
0.0937277227640152
0.09175600856542587
0.1173696219921112
0.08625267446041107
0.09859736263751984
0.12815788388252258
0.08021601289510727
0.09519132226705551
0.10056665539741516
0.0841292291879654
0.11433111876249313
0.11124040931463242
0.13843055069446564
0.06312257051467896
0.11030405759811401
0.12497933208942413
0.10942789167165756
0.12503215670585632
0.11025635898113251
0.09349589049816132
0.11954974383115768
0.12208528816699982
0.10932330042123795
0.10980328917503357
0.09508666396141052
0.0721655935049057
0.1625344157218933
0.10309784859418869
0.08854244649410248
0.09742078930139542
0.11774324625730515
0.11895160377025604
0.11359012871980667
0.1493876427412033
0.148197740316391
0.13299798965454102
0.09420904517173767
0.11250118911266327
0.12268880754709244
0.13773639500141144
0.12832149863243103
0.10528908669948578
0.1181805357336998
0.11311142146587372
0.1141698956489563
0.07952789217233658
0.1389729380607605
0.1149459183216095
0.10309512913227081
0.1183292493224144
0.08990497142076492
0.10785722732543945
0.09637404978275299
0.09662893414497375
0.11189065128564835
0.14261898398399353
0.11513962596654892
0.1155167669057846
0.11072901636362076
0.08229736983776093
0.1635313332080841
0.08437240868806839
0.10976122319698334
0.13731098175048828
0.11427341401576996
0.09614063799381256
0.10099345445632935
0.09094966948032379
0.11482590436935425
0.14711393415927887
0.1384781002998352
0.07009844481945038
0.0680125281214714
0.17713651061058044
0.10297524183988571
0.09221995621919632
0.11457108706235886
0.13407252728939056
0.11898316442966461
0.1088201105594635
0.12116750329732895
0.14693127572536469
0.07014857232570648
0.11404990404844284
0.06854387372732162
0.07317841053009033
0.14465472102165222
0.09996046870946884
0.12527069449424744
0.08113230019807816
0.16430993378162384
0.0957983210682869
0.09909453988075256
0.12240190804004669
0.11189722269773483
0.11122007668018341
0.1292005032300949
0.09096047282218933
0.11195145547389984
0.10068542510271072
0.10523834824562073
0.15207946300506592
0.14216572046279907
0.11679728329181671
0.10450226068496704
0.11055824160575867
0.14405959844589233
0.07769810408353806
0.11844481527805328
0.12753844261169434
0.07311997562646866
0.11675781011581421
0.14166869223117828
0.1328073889017105
0.10479587316513062
0.09791073203086853
0.10234320163726807
0.08290386199951172
0.11280933022499084
0.1166267842054367
0.0890568196773529
0.08530163764953613
0.11650681495666504
0.09183844923973083
0.1113738939166069
0.1047019436955452
0.13417717814445496
0.0846678763628006
0.1250036060810089
0.10676301270723343
0.08708459883928299
0.07137826830148697
0.07246822863817215
0.16524861752986908
0.09987594932317734
0.10616781562566757
0.11592409759759903
0.08920227736234665
0.11442990601062775
0.08704561740159988
0.07451193034648895
0.12537726759910583
0.0716453343629837
0.11736196279525757
0.1112603098154068
0.08827020972967148
0.08757692575454712
0.08659028261899948
0.09138999134302139
0.11483311653137207
0.12054174393415451
0.08175497502088547
0.1206301897764206
0.1050657331943512
0.1031968891620636
0.1135629266500473
0.1215522512793541
0.10201971977949142
0.13733673095703125
0.0774763971567154
0.12001767009496689
0.11519145965576172
0.08215925842523575
0.11743318289518356
0.11422613263130188
0.11451967060565948
0.12069258838891983
0.12448222190141678
0.12208076566457748
0.11045044660568237
0.09657901525497437
0.08983047306537628
0.10548777133226395
0.128177672624588
0.10076788067817688
0.10812344402074814
0.13771472871303558
0.06415047496557236
0.10144567489624023
0.10038253664970398
0.10638997703790665
0.07778837531805038
0.10943334549665451
0.08067777752876282
0.08880709111690521
0.09801407903432846
0.10323566943407059
0.1231495589017868
0.12853595614433289
0.10438734292984009
0.14359831809997559
0.10010600835084915
0.11659038066864014
0.1292693316936493
0.09405466169118881
0.07116258144378662
0.10344459116458893
0.08502952754497528
0.10395224392414093
0.12080302834510803
0.08072559535503387
0.1236761212348938
0.1250188946723938
0.144258052110672
0.08325078338384628
0.09684326499700546
0.10499178618192673
0.08818630129098892
0.14442560076713562
0.09232664853334427
0.09661205857992172
0.09176165610551834
0.09891598671674728
0.11435974389314651
0.10428659617900848
0.1138346865773201
0.12788750231266022
0.12053268402814865
0.09601558744907379
0.10896451026201248
0.1021120473742485
0.07451249659061432
0.10920599848031998
0.08411195874214172
0.1061779335141182
0.10440460592508316
0.09207383543252945
0.10642620921134949
0.08625966310501099
0.1169719398021698
0.1099383682012558
0.14006784558296204
0.10421644896268845
0.08760237693786621
0.07647774368524551
0.1355924755334854
0.09543879330158234
0.10695164650678635
0.09260851889848709
0.08666586130857468
0.12159383296966553
0.09426742792129517
0.09667373448610306
0.11379688233137131
0.13282836973667145
0.09118281304836273
0.10401356220245361
0.07446851581335068
0.10326550155878067
0.09090553969144821
0.10515815764665604
0.11414144933223724
0.08573240786790848
0.10984662175178528
0.09722910076379776
0.1041780486702919
0.09322603046894073
0.10303837060928345
0.14222198724746704
0.13189531862735748
0.11322184652090073
0.10643047839403152
0.14682024717330933
0.09578537940979004
0.08095583319664001
0.10983860492706299
0.08322174102067947
0.13307631015777588
0.10523033887147903
0.1294160783290863
0.10108012706041336
0.14849819242954254
0.1563022881746292
0.102994404733181
0.1429266333580017
0.0972052738070488
0.08273650705814362
0.07241182029247284
0.09383499622344971
0.11319800466299057
0.08578288555145264
0.06011684983968735
0.10884492844343185
0.12757250666618347
0.1556326001882553
0.06225227564573288
0.09978118538856506
0.0882592722773552
0.16002915799617767
0.13183696568012238
0.09668057411909103
0.127961203455925
0.13471321761608124
0.10953715443611145
0.09340034425258636
0.11622236669063568
0.09205955266952515
0.14444519579410553
0.11269152164459229
0.09949466586112976
0.0992526188492775
0.11619596183300018
0.12739618122577667
0.07689975947141647
0.11609315127134323
0.0773041695356369
0.09315670281648636
0.07956720888614655
0.10164625197649002
0.11345569789409637
0.11167978495359421
0.10254796594381332
0.10296900570392609
0.10983563959598541
0.08186329901218414
0.12944196164608002
0.15922747552394867
0.11704196780920029
0.13632139563560486
0.0699467658996582
0.12023292481899261
0.08011677861213684
0.12172012776136398
0.13844992220401764
0.08718126267194748
0.12141822278499603
0.15765827894210815
0.13698825240135193
0.08104731142520905
0.1276070773601532
0.15183107554912567
0.09620894491672516
0.07831932604312897
0.08048307150602341
0.10997302830219269
0.2019529491662979
0.06815105676651001
0.08555401861667633
0.11058472096920013
0.13400520384311676
0.13078545033931732
0.06878966838121414
0.09173735231161118
0.1435023695230484
0.12444823235273361
0.10524694621562958
0.0896119549870491
0.08805739879608154
0.06551453471183777
0.11354187875986099
0.08434336632490158
0.14210142195224762
0.09086094051599503
0.11006683856248856
0.11199281364679337
0.0831407681107521
0.1417255997657776
0.09711933135986328
0.10158134996891022
0.08645014464855194
0.07707900553941727
0.08899487555027008
0.09473425894975662
0.08725446462631226
0.0802956148982048
0.1468585729598999
0.13010063767433167
0.09500341862440109
0.10680055618286133
0.08886155486106873
0.11418698728084564
0.0913049578666687
0.10912812501192093
0.14437521994113922
0.0940769761800766
0.1195196583867073
0.14429976046085358
0.10544447600841522
0.0850897803902626
0.07774362713098526
0.1364203244447708
0.13118430972099304
0.07026555389165878
0.1074986606836319
0.1314220428466797
0.13417387008666992
0.11257482320070267
0.10116536915302277
0.1579798460006714
0.07516121119260788
0.09935767203569412
0.11082224547863007
0.09116969257593155
0.19018055498600006
0.15695858001708984
0.14391358196735382
0.08382304757833481
0.0938911885023117
0.09393574297428131
0.09393025934696198
0.12045038491487503
0.1097889095544815
0.12405075132846832
0.1274808794260025
0.11497887223958969
0.09898439049720764
0.11324732005596161
0.09974874556064606
0.06061488017439842
0.08318895846605301
0.08854137361049652
0.12053239345550537
0.06922131776809692
0.1612444370985031
0.09897409379482269
0.1166844442486763
0.1100827306509018
0.1365247368812561
0.11636008322238922
0.09173090010881424
0.09796126186847687
0.15825454890727997
0.09172917157411575
0.08549890667200089
0.09544692188501358
0.09714735299348831
0.11617039889097214
0.09575829654932022
0.09232015162706375
0.09793629497289658
0.08480804413557053
0.12621517479419708
0.09887413680553436
0.10942787677049637
0.132793590426445
0.1254020482301712
0.11769510805606842
0.09273558855056763
0.10956188291311264
0.1489836722612381
0.11062748730182648
0.08679235726594925
0.09340877830982208
0.09282869845628738
0.10232806205749512
0.11301930993795395
0.10419203341007233
0.09383640438318253
0.10303780436515808
0.13695675134658813
0.10218439251184464
0.10612469166517258
0.0940304845571518
0.12843874096870422
0.10473766177892685
0.09884954988956451
0.07109618186950684
0.11825676262378693
0.10740046948194504
0.07069364935159683
0.10813837498426437
0.1074218899011612
0.10599149763584137
0.10005860775709152
0.0733688622713089
0.07646055519580841
0.11535213142633438
0.10941479355096817
0.059015609323978424
0.1598355919122696
0.10370422154664993
0.1294557899236679
0.10477873682975769
0.1171354129910469
0.09934919327497482
0.16188593208789825
0.08858776092529297
0.15134304761886597
